SM:2021-11-02T12:14:25.4828908Z
LM:2021-11-02T12:39:41.4982039Z
CT:image/png
MA:604800
CL:317046
