SM:2021-11-02T12:14:25.4828908Z
LM:2021-11-05T14:27:59.4673737Z
CT:image/png
MA:604800
CL:317046
