SM:2021-11-02T12:25:40.9212194Z
LM:2021-11-02T12:25:41.5043629Z
CT:image/png
MA:604800
CL:317046
