SM:2021-11-02T12:14:25.4828908Z
LM:2021-11-02T12:14:26.4739241Z
CT:image/png
MA:604800
CL:317046
